start=1.023245
sub-delay=-0.000000
