start=671.671000
panscan=0.600000
