start=283.458333
sid=no
sub-delay=0.100000
