start=22.920000
volume=96.000000
fullscreen=yes
