start=624.357067
panscan=0.100000
